# relative_time, cycles_done, cur_item, corpus_count, pending_total, pending_favs, map_size, saved_crashes, saved_hangs, max_depth, execs_per_sec, total_execs, edges_found
61, 0, 27, 51, 45, 3, 42.31%, 4, 0, 3, 0.79, 20918, 33
66, 0, 27, 51, 45, 3, 42.31%, 4, 0, 3, 357.74, 22700, 33
71, 0, 27, 51, 45, 3, 42.31%, 4, 0, 3, 345.81, 24497, 33
76, 0, 27, 51, 45, 3, 42.31%, 4, 0, 3, 356.36, 26306, 33
81, 0, 27, 51, 45, 3, 42.31%, 4, 0, 3, 339.05, 28019, 33
86, 0, 19, 52, 42, 0, 42.31%, 5, 0, 3, 361.16, 29973, 33
93, 0, 3, 53, 40, 0, 44.87%, 5, 0, 3, 1.38, 31763, 35
99, 0, 18, 53, 40, 0, 44.87%, 5, 0, 3, 381.77, 33640, 35
104, 0, 52, 53, 37, 0, 44.87%, 5, 0, 3, 391.20, 35670, 35
109, 0, 10, 53, 36, 0, 44.87%, 5, 0, 3, 378.57, 37651, 35
114, 0, 3, 53, 33, 0, 44.87%, 5, 0, 3, 378.88, 39524, 35
119, 0, 3, 53, 33, 0, 44.87%, 5, 0, 3, 383.09, 41529, 35
126, 1, 45, 53, 30, 0, 44.87%, 5, 0, 3, 0.98, 43303, 35
131, 1, 39, 53, 25, 0, 44.87%, 5, 0, 3, 390.73, 45381, 35
136, 1, 25, 53, 21, 0, 44.87%, 5, 0, 3, 384.85, 47314, 35
141, 1, 25, 53, 19, 0, 44.87%, 5, 0, 3, 376.98, 49181, 35
147, 1, 52, 53, 18, 0, 44.87%, 6, 0, 3, 371.40, 51148, 35
152, 1, 47, 53, 17, 0, 44.87%, 6, 0, 3, 391.93, 53173, 35
159, 1, 4, 53, 15, 0, 44.87%, 6, 0, 3, 0.39, 54728, 35
164, 1, 25, 53, 12, 0, 44.87%, 6, 0, 3, 367.75, 56571, 35
169, 2, 7, 53, 12, 0, 44.87%, 6, 0, 3, 368.11, 58428, 35
174, 2, 52, 53, 11, 0, 44.87%, 6, 0, 3, 377.65, 60441, 35
179, 2, 7, 53, 11, 0, 44.87%, 6, 0, 3, 362.59, 62240, 35
184, 2, 47, 53, 11, 0, 44.87%, 6, 0, 3, 380.09, 64247, 35
192, 2, 3, 53, 11, 0, 44.87%, 6, 0, 3, 1.18, 65894, 35
197, 2, 3, 53, 11, 0, 44.87%, 6, 0, 3, 392.16, 67784, 35
202, 2, 4, 53, 11, 0, 44.87%, 6, 0, 3, 390.67, 69812, 35
207, 3, 18, 53, 8, 0, 44.87%, 6, 0, 3, 392.07, 71830, 35
212, 3, 43, 53, 7, 0, 44.87%, 6, 0, 3, 396.86, 73845, 35
217, 3, 3, 53, 7, 0, 44.87%, 6, 0, 3, 383.96, 75795, 35
224, 3, 10, 53, 6, 0, 44.87%, 6, 0, 3, 1.57, 77480, 35
230, 3, 18, 53, 5, 0, 44.87%, 6, 0, 3, 397.45, 79478, 35
235, 3, 52, 53, 5, 0, 44.87%, 6, 0, 3, 392.14, 81517, 35
240, 3, 12, 53, 5, 0, 44.87%, 6, 0, 3, 374.73, 83366, 35
245, 3, 31, 53, 4, 0, 44.87%, 6, 0, 3, 394.93, 85389, 35
250, 4, 30, 53, 3, 0, 44.87%, 6, 0, 3, 400.00, 87459, 35
257, 4, 53, 54, 3, 0, 44.87%, 6, 0, 3, 0.98, 89363, 35
262, 4, 3, 54, 2, 0, 44.87%, 6, 0, 3, 418.35, 91388, 35
267, 4, 7, 54, 2, 0, 44.87%, 6, 0, 3, 364.31, 93287, 35
273, 4, 12, 54, 1, 0, 44.87%, 6, 0, 3, 384.29, 95291, 35
278, 4, 3, 54, 1, 0, 44.87%, 6, 0, 3, 353.21, 97103, 35
283, 4, 18, 54, 1, 0, 44.87%, 6, 0, 3, 373.29, 99079, 35
290, 4, 9, 54, 1, 0, 44.87%, 6, 0, 3, 0.79, 100534, 35
295, 5, 12, 54, 1, 0, 44.87%, 6, 0, 3, 349.63, 102292, 35
300, 5, 52, 54, 1, 0, 44.87%, 6, 0, 3, 350.87, 104062, 35
305, 5, 12, 54, 1, 0, 44.87%, 6, 0, 3, 336.86, 105792, 35
310, 5, 47, 54, 1, 0, 44.87%, 6, 0, 3, 337.54, 107448, 35
315, 5, 3, 54, 1, 0, 44.87%, 6, 0, 3, 352.12, 109252, 35
323, 5, 3, 54, 1, 0, 44.87%, 6, 0, 3, 0.39, 110933, 35
328, 5, 0, 54, 1, 0, 44.87%, 6, 0, 3, 341.06, 112710, 35
333, 5, 31, 54, 1, 0, 44.87%, 6, 0, 3, 349.88, 114520, 35
338, 5, 3, 54, 1, 0, 44.87%, 6, 0, 3, 356.40, 116337, 35
343, 6, 12, 54, 1, 0, 44.87%, 6, 0, 3, 344.25, 118051, 35
348, 6, 43, 54, 1, 0, 44.87%, 6, 0, 3, 340.20, 119794, 35
355, 6, 47, 54, 1, 0, 44.87%, 6, 0, 3, 0.39, 121316, 35
360, 6, 52, 54, 1, 0, 44.87%, 7, 0, 3, 360.93, 123133, 35
366, 6, 3, 54, 0, 0, 44.87%, 7, 0, 3, 343.09, 124841, 35
371, 6, 47, 54, 0, 0, 44.87%, 7, 0, 3, 337.10, 126542, 35
376, 6, 47, 54, 0, 0, 44.87%, 7, 0, 3, 363.75, 128390, 35
381, 6, 12, 54, 0, 0, 44.87%, 7, 0, 3, 350.00, 130180, 35
388, 7, 12, 54, 0, 0, 44.87%, 7, 0, 3, 1.38, 131917, 35
393, 7, 12, 54, 0, 0, 44.87%, 7, 0, 3, 397.31, 133877, 35
398, 7, 43, 54, 0, 0, 44.87%, 7, 0, 3, 379.63, 135822, 35
403, 7, 4, 54, 0, 0, 44.87%, 7, 0, 3, 379.28, 137715, 35
408, 7, 3, 54, 0, 0, 44.87%, 7, 0, 3, 359.66, 139318, 35
